3 3
0 0 0
0 0 0
0 0 0
2
2
2
2 2
1 0
0 1
3
3
2 2
1 1
1 1
-------------------------------------------
5 5
0 0 0 0 0
0 0 0 0 0
0 0 0 0 0
0 0 0 0 0
0 0 0 0 0
4
5
5
3 3
1 0 0
0 1 0
0 0 1
10
10
4 4
1 0 0 1
1 1 0 1
0 1 1 0
1 1 1 0
10
10
4 4
1 0 0 0
0 1 1 0
0 1 0 0
1 0 0 0
15
15
4 4
0 0 1 1
1 1 1 0
1 1 1 0
0 1 1 1
---------------------------------------------------------
5 5
0 0 0 0 0
0 0 0 0 0
0 0 0 0 0
0 0 0 0 0
0 0 0 0 0
10
2
2
2 2
1 0
0 1
4
4
2 2
1 1
1 1
7
7
3 3
1 0 1
1 1 1
1 0 1
5
5
4 4
1 0 0 0
0 1 1 0
0 0 1 0
0 0 0 1
8
8
5 5
1 0 0 1 0
0 1 0 0 1
0 0 1 0 0
1 0 1 0 0
1 1 0 0 0
4
4
3 3
1 0 1
0 1 0
0 1 0
6
6
2 3
1 1 1
1 1 1
10
10
4 4
1 0 0 1
0 1 1 1
1 1 1 0
1 0 0 1
11
11
5 5
1 0 0 0 1
0 1 1 1 0
0 0 1 0 0
0 1 1 1 0
1 0 0 0 1
5
5
3 3
1 0 1
0 1 0
1 0 1

